a = [1 2 3 4 5 6 7; 2 4 6 8 10 12 14; 21 18 15 12 9 6 3; 5 10 15 20 25 30 35;]

b = a([1 3 4],[1 3 5 7])



